  File: MEDIA/image.txt
  Size: 18        	Blocks: 8          IO Block: 4096   regular file
Device: 820h/2080d	Inode: 194615      Links: 1
Access: (0644/-rw-r--r--)  Uid: ( 1000/  nathan)   Gid: ( 1000/  nathan)
Access: 2023-04-25 14:02:13.554852706 +0000
Modify: 2023-04-25 14:02:13.554852706 +0000
Change: 2023-04-25 14:02:13.554852706 +0000
 Birth: -
